2025 09 4763932976 ?
2025 08 81536 7017750530
2025 07 1541 80158285728929
2025 06 6378679666679 11494432585168
2025 05 848 334714395325710
2025 04 1491 8722
2025 03 17427 173161749617495
2025 02 26255179562 31680313976
2025 01 992 6133
2015 15 222870 117936
2015 14 2696 1084
2015 13 618 601
2015 12 111754 65402
2015 11 cqjxxyzz cqkaabcc
2015 10 252594 3579328
2015 09 117 909
2015 08 1333 2046
2015 07 16076 2797
2015 06 377891 14110788
2015 05 236 51
2015 04 346386 9958218
2015 03 2565 2639
2015 02 1598415 3812909
2015 01 280 1797
